20180223080000
20180223093000
z(m)	zh_mn(dBZ)	zh_std(dB)	zdr_mn(db)	zdr_std(dB)	kdp_mn(deg/km)	kdp_std(deg/km)	rhv_mn	rhv_std
0.815	-7.6	1.70	-2.53	2.41	0.00	0.00	0.76	0.11
0.865	-8.6	2.62	0.01	3.87	0.00	0.00	0.62	0.20
0.915	-9.0	0.90	-0.25	3.04	0.00	0.00	0.74	0.10
0.965	-6.5	1.91	-0.37	2.74	0.00	0.00	0.78	0.10
1.015	-3.5	2.50	-0.88	2.42	0.04	0.08	0.83	0.09
1.065	-0.7	1.74	0.02	2.33	0.08	0.23	0.83	0.10
1.115	0.6	2.78	0.09	1.82	0.17	0.45	0.77	0.07
1.165	5.5	2.36	1.06	2.27	0.09	0.29	0.68	0.14
1.215	9.7	3.61	0.56	2.81	0.14	0.49	0.70	0.10
1.265	11.8	4.40	-0.70	2.29	0.03	0.10	0.74	0.11
1.315	14.0	4.23	-1.20	1.93	0.03	0.10	0.80	0.14
1.365	11.4	4.09	-0.19	1.81	0.00	0.00	0.83	0.07
1.415	10.4	4.15	0.39	1.06	0.00	0.00	0.87	0.05
1.465	10.7	4.71	0.77	0.30	0.01	0.02	0.92	0.03
1.515	11.3	4.68	0.87	0.42	0.02	0.03	0.94	0.02
1.565	11.8	4.41	0.73	0.46	0.03	0.06	0.96	0.01
1.615	11.8	4.22	0.69	0.50	0.04	0.07	0.97	0.01
1.665	11.8	4.61	0.63	0.48	0.05	0.09	0.98	0.01
1.715	11.0	4.94	0.54	0.55	0.04	0.08	0.97	0.02
1.765	10.6	4.99	0.50	0.59	0.03	0.06	0.97	0.03
1.815	9.9	4.87	0.54	0.71	0.04	0.06	0.97	0.03
1.865	8.6	5.56	0.55	0.80	0.04	0.05	0.96	0.02
1.915	7.9	5.79	0.65	0.92	0.04	0.06	0.97	0.01
1.965	7.2	6.03	0.81	0.93	0.05	0.07	0.97	0.02
2.015	6.6	6.21	0.84	0.94	0.07	0.07	0.97	0.02
2.065	6.4	6.35	0.89	1.10	0.08	0.08	0.96	0.02
2.115	6.3	6.40	1.00	1.09	0.08	0.07	0.96	0.03
2.165	6.4	6.28	1.01	1.06	0.08	0.06	0.96	0.02
2.215	6.6	6.43	0.99	1.12	0.06	0.05	0.97	0.02
2.265	6.5	6.28	1.08	1.16	0.04	0.04	0.97	0.02
2.315	6.8	5.90	0.96	1.06	0.04	0.04	0.97	0.01
2.365	6.9	5.69	1.08	1.02	0.03	0.04	0.97	0.01
2.415	7.0	5.91	1.04	1.04	0.04	0.06	0.97	0.01
2.465	6.9	5.80	0.98	1.00	0.04	0.05	0.97	0.01
2.515	6.4	6.04	1.07	1.08	0.03	0.04	0.97	0.01
2.565	5.9	6.34	1.17	1.11	0.01	0.02	0.96	0.02
2.615	4.8	6.07	1.23	1.17	0.01	0.03	0.97	0.01
2.665	3.7	5.82	1.25	1.10	0.01	0.02	0.96	0.02
2.715	2.4	6.11	1.24	1.15	0.01	0.01	0.95	0.02
2.765	0.7	5.87	1.29	1.24	0.01	0.02	0.95	0.02
2.815	-0.5	6.57	1.12	1.04	0.01	0.02	0.95	0.02
2.865	-2.4	6.93	0.95	1.12	0.01	0.03	0.95	0.04
2.915	-1.8	6.87	0.88	0.68	0.01	0.03	0.95	0.03
2.965	-3.1	6.87	1.08	0.66	0.01	0.02	0.94	0.03
3.015	-3.9	6.58	1.04	0.63	0.00	0.02	0.94	0.03
3.065	-4.4	6.90	1.13	0.94	0.01	0.02	0.94	0.06
3.115	-5.5	6.86	1.23	1.15	0.01	0.02	0.93	0.04
3.165	-3.4	7.04	0.65	0.56	0.00	0.00	0.95	0.03
3.215	-4.4	6.39	0.91	0.60	0.00	0.00	0.96	0.03
3.265	-6.2	6.49	0.82	0.62	0.00	0.00	0.91	0.07
3.315	-4.2	5.43	0.72	0.57	0.00	0.00	0.92	0.05
3.365	-5.5	5.55	0.75	0.69	0.00	0.00	0.91	0.08
3.415	-6.0	5.62	0.45	0.21	0.00	0.00	0.93	0.05
3.465	-3.8	5.56	0.50	0.37	0.00	0.00	0.98	0.02
3.515	-4.2	5.12	0.27	0.31	0.00	0.00	0.94	0.04
3.565	-5.5	5.20	0.50	0.60	0.00	0.00	0.97	0.02
3.615	-6.2	4.89	0.06	0.11	0.00	0.01	0.95	0.03
3.665	-5.8	4.38	-0.00	0.31	0.01	0.02	0.96	0.02
3.715	-6.4	4.81	0.42	0.30	0.00	0.00	0.93	0.05
3.765	-5.6	5.53	-0.02	0.42	0.00	0.00	0.92	0.07
3.815	-4.0	4.18	0.14	0.04	0.00	0.00	0.96	0.03
3.865	-7.7	3.53	0.88	0.75	0.00	0.00	0.91	0.07
3.915	-9.6	2.42	1.10	0.83	0.00	0.00	0.90	0.08
3.965	-9.6	1.23	0.39	0.16	0.00	0.00	0.97	0.02
4.015	-9.4	0.00	1.24	0.00	0.00	0.00	0.89	0.00
4.065	-9.5	0.00	0.93	0.00	0.00	0.00	0.91	0.00
4.115	-10.1	0.00	1.24	0.00	0.00	0.00	0.77	0.00
4.165	-10.5	0.00	0.17	0.00	0.00	0.00	0.90	0.00
4.215	-12.5	0.00	1.11	0.00	0.00	0.00	0.93	0.00
4.265	0.0	0.00	0.00	0.00	0.00	0.00	0.00	0.00
4.315	0.0	0.00	0.00	0.00	0.00	0.00	0.00	0.00
4.365	0.0	0.00	0.00	0.00	0.00	0.00	0.00	0.00
4.415	0.0	0.00	0.00	0.00	0.00	0.00	0.00	0.00
4.465	0.0	0.00	0.00	0.00	0.00	0.00	0.00	0.00
4.515	0.0	0.00	0.00	0.00	0.00	0.00	0.00	0.00
4.565	0.0	0.00	0.00	0.00	0.00	0.00	0.00	0.00
4.615	0.0	0.00	0.00	0.00	0.00	0.00	0.00	0.00
4.665	0.0	0.00	0.00	0.00	0.00	0.00	0.00	0.00
4.715	0.0	0.00	0.00	0.00	0.00	0.00	0.00	0.00
4.765	0.0	0.00	0.00	0.00	0.00	0.00	0.00	0.00
4.815	0.0	0.00	0.00	0.00	0.00	0.00	0.00	0.00
4.865	0.0	0.00	0.00	0.00	0.00	0.00	0.00	0.00
4.915	0.0	0.00	0.00	0.00	0.00	0.00	0.00	0.00
4.965	0.0	0.00	0.00	0.00	0.00	0.00	0.00	0.00
5.015	0.0	0.00	0.00	0.00	0.00	0.00	0.00	0.00
5.065	0.0	0.00	0.00	0.00	0.00	0.00	0.00	0.00
5.115	0.0	0.00	0.00	0.00	0.00	0.00	0.00	0.00
5.165	0.0	0.00	0.00	0.00	0.00	0.00	0.00	0.00
5.215	0.0	0.00	0.00	0.00	0.00	0.00	0.00	0.00
5.265	0.0	0.00	0.00	0.00	0.00	0.00	0.00	0.00
5.315	0.0	0.00	0.00	0.00	0.00	0.00	0.00	0.00
5.365	0.0	0.00	0.00	0.00	0.00	0.00	0.00	0.00
5.415	0.0	0.00	0.00	0.00	0.00	0.00	0.00	0.00
5.465	0.0	0.00	0.00	0.00	0.00	0.00	0.00	0.00
5.515	0.0	0.00	0.00	0.00	0.00	0.00	0.00	0.00
5.565	0.0	0.00	0.00	0.00	0.00	0.00	0.00	0.00
5.615	0.0	0.00	0.00	0.00	0.00	0.00	0.00	0.00
5.665	0.0	0.00	0.00	0.00	0.00	0.00	0.00	0.00
5.715	0.0	0.00	0.00	0.00	0.00	0.00	0.00	0.00
5.765	0.0	0.00	0.00	0.00	0.00	0.00	0.00	0.00
5.815	0.0	0.00	0.00	0.00	0.00	0.00	0.00	0.00
5.865	0.0	0.00	0.00	0.00	0.00	0.00	0.00	0.00
5.915	0.0	0.00	0.00	0.00	0.00	0.00	0.00	0.00
5.965	0.0	0.00	0.00	0.00	0.00	0.00	0.00	0.00
6.015	0.0	0.00	0.00	0.00	0.00	0.00	0.00	0.00
6.065	0.0	0.00	0.00	0.00	0.00	0.00	0.00	0.00
6.115	0.0	0.00	0.00	0.00	0.00	0.00	0.00	0.00
6.165	0.0	0.00	0.00	0.00	0.00	0.00	0.00	0.00
6.215	0.0	0.00	0.00	0.00	0.00	0.00	0.00	0.00
6.265	0.0	0.00	0.00	0.00	0.00	0.00	0.00	0.00
6.315	0.0	0.00	0.00	0.00	0.00	0.00	0.00	0.00
6.365	0.0	0.00	0.00	0.00	0.00	0.00	0.00	0.00
6.415	0.0	0.00	0.00	0.00	0.00	0.00	0.00	0.00
6.465	0.0	0.00	0.00	0.00	0.00	0.00	0.00	0.00
6.515	0.0	0.00	0.00	0.00	0.00	0.00	0.00	0.00
6.565	0.0	0.00	0.00	0.00	0.00	0.00	0.00	0.00
6.615	0.0	0.00	0.00	0.00	0.00	0.00	0.00	0.00
6.665	0.0	0.00	0.00	0.00	0.00	0.00	0.00	0.00
6.715	0.0	0.00	0.00	0.00	0.00	0.00	0.00	0.00
6.765	0.0	0.00	0.00	0.00	0.00	0.00	0.00	0.00
6.815	0.0	0.00	0.00	0.00	0.00	0.00	0.00	0.00
6.865	0.0	0.00	0.00	0.00	0.00	0.00	0.00	0.00
6.915	0.0	0.00	0.00	0.00	0.00	0.00	0.00	0.00
6.965	0.0	0.00	0.00	0.00	0.00	0.00	0.00	0.00
7.015	0.0	0.00	0.00	0.00	0.00	0.00	0.00	0.00
7.065	0.0	0.00	0.00	0.00	0.00	0.00	0.00	0.00
7.115	0.0	0.00	0.00	0.00	0.00	0.00	0.00	0.00
7.165	0.0	0.00	0.00	0.00	0.00	0.00	0.00	0.00
7.215	0.0	0.00	0.00	0.00	0.00	0.00	0.00	0.00
7.265	0.0	0.00	0.00	0.00	0.00	0.00	0.00	0.00
7.315	0.0	0.00	0.00	0.00	0.00	0.00	0.00	0.00
7.365	0.0	0.00	0.00	0.00	0.00	0.00	0.00	0.00
7.415	0.0	0.00	0.00	0.00	0.00	0.00	0.00	0.00
7.465	0.0	0.00	0.00	0.00	0.00	0.00	0.00	0.00
7.515	0.0	0.00	0.00	0.00	0.00	0.00	0.00	0.00
7.565	0.0	0.00	0.00	0.00	0.00	0.00	0.00	0.00
7.615	0.0	0.00	0.00	0.00	0.00	0.00	0.00	0.00
7.665	0.0	0.00	0.00	0.00	0.00	0.00	0.00	0.00
7.715	0.0	0.00	0.00	0.00	0.00	0.00	0.00	0.00
7.765	0.0	0.00	0.00	0.00	0.00	0.00	0.00	0.00
7.815	0.0	0.00	0.00	0.00	0.00	0.00	0.00	0.00
7.865	0.0	0.00	0.00	0.00	0.00	0.00	0.00	0.00
7.915	0.0	0.00	0.00	0.00	0.00	0.00	0.00	0.00
7.965	0.0	0.00	0.00	0.00	0.00	0.00	0.00	0.00
8.015	0.0	0.00	0.00	0.00	0.00	0.00	0.00	0.00
8.065	0.0	0.00	0.00	0.00	0.00	0.00	0.00	0.00
8.115	0.0	0.00	0.00	0.00	0.00	0.00	0.00	0.00
8.165	0.0	0.00	0.00	0.00	0.00	0.00	0.00	0.00
8.215	0.0	0.00	0.00	0.00	0.00	0.00	0.00	0.00
8.265	0.0	0.00	0.00	0.00	0.00	0.00	0.00	0.00
8.315	0.0	0.00	0.00	0.00	0.00	0.00	0.00	0.00
8.365	0.0	0.00	0.00	0.00	0.00	0.00	0.00	0.00
8.415	0.0	0.00	0.00	0.00	0.00	0.00	0.00	0.00
8.465	0.0	0.00	0.00	0.00	0.00	0.00	0.00	0.00
8.515	0.0	0.00	0.00	0.00	0.00	0.00	0.00	0.00
8.565	0.0	0.00	0.00	0.00	0.00	0.00	0.00	0.00
8.615	0.0	0.00	0.00	0.00	0.00	0.00	0.00	0.00
8.665	0.0	0.00	0.00	0.00	0.00	0.00	0.00	0.00
8.715	0.0	0.00	0.00	0.00	0.00	0.00	0.00	0.00
8.765	0.0	0.00	0.00	0.00	0.00	0.00	0.00	0.00
