20180228080000
20180228100000
z(m)	mdv_mn(m/s)	mdv_std(m/s)	lwp_mn(g/m2)	lwp_std(g/m2)
0.562	-1.20	0.69	389	48
0.567	-1.20	0.68	389	48
0.573	-1.19	0.67	389	48
0.578	-1.19	0.65	389	48
0.584	-1.18	0.64	389	48
0.590	-1.18	0.63	389	48
0.595	-1.18	0.62	389	48
0.601	-1.18	0.61	389	48
0.606	-1.18	0.60	389	48
0.612	-1.18	0.61	389	48
0.618	-1.18	0.61	389	48
0.623	-1.17	0.60	389	48
0.629	-1.17	0.60	389	48
0.634	-1.17	0.61	389	48
0.640	-1.17	0.61	389	48
0.645	-1.17	0.62	389	48
0.651	-1.17	0.62	389	48
0.657	-1.17	0.63	389	48
0.662	-1.18	0.64	389	48
0.668	-1.18	0.64	389	48
0.673	-1.18	0.65	389	48
0.679	-1.18	0.65	389	48
0.685	-1.18	0.65	389	48
0.690	-1.18	0.65	389	48
0.696	-1.18	0.66	389	48
0.701	-1.18	0.66	389	48
0.707	-1.18	0.67	389	48
0.713	-1.18	0.68	389	48
0.718	-1.17	0.68	389	48
0.724	-1.17	0.69	389	48
0.729	-1.17	0.70	389	48
0.735	-1.17	0.70	389	48
0.741	-1.17	0.70	389	48
0.746	-1.17	0.71	389	48
0.752	-1.17	0.71	389	48
0.757	-1.17	0.72	389	48
0.763	-1.15	0.73	389	48
0.768	-1.14	0.74	389	48
0.774	-1.15	0.75	389	48
0.780	-1.16	0.76	389	48
0.785	-1.16	0.76	389	48
0.791	-1.15	0.76	389	48
0.796	-1.15	0.76	389	48
0.802	-1.15	0.77	389	48
0.808	-1.15	0.77	389	48
0.813	-1.14	0.77	389	48
0.819	-1.13	0.77	389	48
0.824	-1.13	0.78	389	48
0.830	-1.13	0.78	389	48
0.836	-1.14	0.79	389	48
0.841	-1.13	0.78	389	48
0.847	-1.13	0.78	389	48
0.852	-1.13	0.78	389	48
0.858	-1.12	0.78	389	48
0.864	-1.11	0.78	389	48
0.869	-1.11	0.77	389	48
0.875	-1.10	0.76	389	48
0.880	-1.10	0.76	389	48
0.886	-1.10	0.76	389	48
0.891	-1.10	0.76	389	48
0.897	-1.09	0.75	389	48
0.903	-1.09	0.75	389	48
0.908	-1.10	0.74	389	48
0.914	-1.10	0.74	389	48
0.919	-1.09	0.74	389	48
0.925	-1.09	0.73	389	48
0.931	-1.08	0.73	389	48
0.936	-1.09	0.73	389	48
0.942	-1.08	0.73	389	48
0.947	-1.08	0.72	389	48
0.953	-1.08	0.71	389	48
0.959	-1.07	0.71	389	48
0.964	-1.06	0.71	389	48
0.970	-1.05	0.71	389	48
0.975	-1.04	0.71	389	48
0.981	-1.03	0.71	389	48
0.987	-1.03	0.71	389	48
0.992	-1.03	0.71	389	48
0.998	-1.03	0.70	389	48
1.003	-1.03	0.69	389	48
1.009	-1.03	0.69	389	48
1.014	-1.03	0.69	389	48
1.020	-1.03	0.69	389	48
1.026	-1.02	0.70	389	48
1.031	-1.02	0.70	389	48
1.037	-1.01	0.69	389	48
1.042	-1.00	0.68	389	48
1.048	-1.00	0.67	389	48
1.054	-0.99	0.68	389	48
1.059	-0.99	0.69	389	48
1.065	-1.00	0.66	389	48
1.076	-1.00	0.65	389	48
1.087	-1.01	0.63	389	48
1.098	-1.01	0.63	389	48
1.109	-1.01	0.62	389	48
1.121	-1.01	0.62	389	48
1.132	-1.01	0.61	389	48
1.143	-1.01	0.61	389	48
1.154	-1.01	0.60	389	48
1.165	-1.01	0.58	389	48
1.177	-1.01	0.58	389	48
1.188	-1.00	0.57	389	48
1.199	-1.00	0.57	389	48
1.210	-1.00	0.56	389	48
1.221	-1.00	0.54	389	48
1.232	-0.99	0.53	389	48
1.244	-0.99	0.52	389	48
1.255	-0.99	0.51	389	48
1.266	-0.99	0.51	389	48
1.277	-0.99	0.50	389	48
1.288	-0.99	0.49	389	48
1.300	-0.99	0.49	389	48
1.311	-1.00	0.48	389	48
1.322	-1.00	0.48	389	48
1.333	-1.00	0.47	389	48
1.344	-1.00	0.46	389	48
1.355	-1.00	0.45	389	48
1.367	-1.00	0.45	389	48
1.378	-1.00	0.44	389	48
1.389	-1.00	0.44	389	48
1.400	-1.00	0.44	389	48
1.411	-1.00	0.43	389	48
1.422	-1.00	0.43	389	48
1.434	-1.00	0.42	389	48
1.445	-1.00	0.42	389	48
1.456	-1.00	0.41	389	48
1.467	-1.00	0.41	389	48
1.478	-1.00	0.41	389	48
1.490	-1.00	0.40	389	48
1.501	-1.00	0.40	389	48
1.512	-1.00	0.39	389	48
1.523	-1.00	0.39	389	48
1.534	-1.00	0.39	389	48
1.545	-1.00	0.39	389	48
1.557	-1.01	0.38	389	48
1.568	-1.01	0.37	389	48
1.579	-1.01	0.37	389	48
1.590	-1.01	0.37	389	48
1.601	-1.01	0.36	389	48
1.613	-1.02	0.36	389	48
1.624	-1.02	0.36	389	48
1.635	-1.02	0.35	389	48
1.646	-1.02	0.35	389	48
1.657	-1.02	0.35	389	48
1.668	-1.02	0.35	389	48
1.680	-1.03	0.35	389	48
1.691	-1.03	0.35	389	48
1.702	-1.03	0.34	389	48
1.713	-1.03	0.34	389	48
1.724	-1.04	0.34	389	48
1.736	-1.04	0.34	389	48
1.747	-1.04	0.34	389	48
1.758	-1.04	0.34	389	48
1.769	-1.04	0.34	389	48
1.780	-1.04	0.34	389	48
1.791	-1.04	0.34	389	48
1.803	-1.04	0.34	389	48
1.814	-1.04	0.34	389	48
1.825	-1.04	0.34	389	48
1.836	-1.03	0.34	389	48
1.847	-1.03	0.35	389	48
1.859	-1.03	0.35	389	48
1.870	-1.03	0.35	389	48
1.881	-1.03	0.36	389	48
1.892	-1.02	0.36	389	48
1.903	-1.02	0.36	389	48
1.914	-1.02	0.36	389	48
1.926	-1.01	0.37	389	48
1.937	-1.01	0.37	389	48
1.948	-1.00	0.38	389	48
1.959	-1.00	0.38	389	48
1.970	-1.00	0.39	389	48
1.981	-0.99	0.39	389	48
1.993	-0.99	0.39	389	48
2.004	-0.98	0.38	389	48
2.015	-0.98	0.39	389	48
2.026	-0.97	0.39	389	48
2.037	-0.97	0.39	389	48
2.049	-0.96	0.39	389	48
2.060	-0.96	0.40	389	48
2.071	-0.95	0.41	389	48
2.082	-0.94	0.41	389	48
2.093	-0.93	0.41	389	48
2.104	-0.92	0.41	389	48
2.116	-0.91	0.41	389	48
2.127	-0.91	0.41	389	48
2.138	-0.90	0.41	389	48
2.149	-0.89	0.42	389	48
2.160	-0.88	0.42	389	48
2.172	-0.88	0.43	389	48
2.183	-0.87	0.44	389	48
2.194	-0.86	0.45	389	48
2.205	-0.85	0.46	389	48
2.216	-0.85	0.48	389	48
2.227	-0.84	0.49	389	48
2.239	-0.83	0.49	389	48
2.250	-0.82	0.50	389	48
2.261	-0.81	0.51	389	48
2.272	-0.80	0.52	389	48
2.283	-0.80	0.53	389	48
2.295	-0.78	0.52	389	48
2.306	-0.77	0.52	389	48
2.317	-0.77	0.53	389	48
2.328	-0.76	0.54	389	48
2.339	-0.76	0.55	389	48
2.350	-0.76	0.56	389	48
2.362	-0.75	0.57	389	48
2.373	-0.74	0.56	389	48
2.384	-0.72	0.56	389	48
2.395	-0.71	0.56	389	48
2.406	-0.70	0.57	389	48
2.418	-0.69	0.57	389	48
2.429	-0.68	0.58	389	48
2.440	-0.67	0.59	389	48
2.451	-0.67	0.60	389	48
2.477	-0.65	0.57	389	48
2.510	-0.62	0.58	389	48
2.542	-0.58	0.60	389	48
2.575	-0.55	0.60	389	48
2.607	-0.52	0.59	389	48
2.640	-0.51	0.59	389	48
2.672	-0.48	0.59	389	48
2.705	-0.46	0.60	389	48
2.738	-0.44	0.60	389	48
2.770	-0.42	0.61	389	48
2.803	-0.39	0.62	389	48
2.835	-0.35	0.62	389	48
2.868	-0.33	0.62	389	48
2.900	-0.30	0.63	389	48
2.933	-0.28	0.62	389	48
2.965	-0.26	0.61	389	48
2.998	-0.25	0.59	389	48
3.030	-0.24	0.57	389	48
3.063	-0.23	0.55	389	48
3.095	-0.22	0.54	389	48
3.128	-0.22	0.53	389	48
3.160	-0.25	0.51	389	48
3.193	-0.26	0.49	389	48
3.225	-0.27	0.46	389	48
3.258	-0.27	0.45	389	48
3.290	-0.28	0.45	389	48
3.323	-0.29	0.45	389	48
3.355	-0.30	0.43	389	48
3.388	-0.30	0.42	389	48
3.420	-0.31	0.41	389	48
3.453	-0.31	0.41	389	48
3.486	-0.31	0.39	389	48
3.518	-0.31	0.38	389	48
3.551	-0.30	0.36	389	48
3.583	-0.29	0.35	389	48
3.616	-0.27	0.34	389	48
3.648	-0.26	0.34	389	48
3.681	-0.23	0.34	389	48
3.713	-0.19	0.34	389	48
3.746	-0.16	0.33	389	48
3.778	-0.14	0.33	389	48
3.811	-0.12	0.33	389	48
3.843	-0.11	0.32	389	48
3.876	-0.11	0.31	389	48
3.908	-0.10	0.31	389	48
3.941	-0.10	0.31	389	48
3.973	-0.11	0.30	389	48
4.006	-0.10	0.30	389	48
4.038	-0.11	0.31	389	48
4.071	-0.12	0.31	389	48
4.103	-0.12	0.31	389	48
4.136	-0.13	0.31	389	48
4.168	-0.13	0.31	389	48
4.201	-0.14	0.31	389	48
4.234	-0.15	0.31	389	48
4.266	-0.15	0.31	389	48
4.299	-0.16	0.31	389	48
4.331	-0.17	0.31	389	48
4.364	-0.19	0.30	389	48
4.396	-0.20	0.30	389	48
4.429	-0.22	0.30	389	48
4.461	-0.24	0.30	389	48
4.494	-0.26	0.29	389	48
4.526	-0.29	0.28	389	48
4.559	-0.32	0.27	389	48
4.591	-0.34	0.26	389	48
4.624	-0.37	0.25	389	48
4.656	-0.40	0.25	389	48
4.689	-0.43	0.24	389	48
4.721	-0.46	0.22	389	48
4.754	-0.49	0.22	389	48
4.786	-0.52	0.21	389	48
4.819	-0.54	0.21	389	48
4.851	-0.56	0.22	389	48
4.884	-0.58	0.22	389	48
4.916	-0.60	0.22	389	48
4.949	-0.62	0.22	389	48
4.982	-0.63	0.22	389	48
5.014	-0.64	0.21	389	48
5.047	-0.65	0.21	389	48
5.079	-0.66	0.21	389	48
5.112	-0.68	0.21	389	48
5.144	-0.69	0.21	389	48
5.177	-0.70	0.21	389	48
5.209	-0.71	0.21	389	48
5.242	-0.72	0.22	389	48
5.274	-0.72	0.23	389	48
5.307	-0.72	0.23	389	48
5.339	-0.73	0.23	389	48
5.372	-0.73	0.23	389	48
5.404	-0.74	0.23	389	48
5.437	-0.74	0.22	389	48
5.469	-0.74	0.22	389	48
5.502	-0.74	0.22	389	48
5.534	-0.74	0.22	389	48
5.567	-0.74	0.22	389	48
5.599	-0.73	0.22	389	48
5.632	-0.73	0.23	389	48
5.664	-0.73	0.23	389	48
5.697	-0.73	0.23	389	48
5.730	-0.73	0.24	389	48
5.762	-0.73	0.24	389	48
5.795	-0.72	0.24	389	48
5.827	-0.73	0.24	389	48
5.860	-0.72	0.25	389	48
5.892	-0.72	0.25	389	48
5.925	-0.72	0.26	389	48
5.957	-0.71	0.26	389	48
5.990	-0.71	0.26	389	48
6.022	-0.70	0.26	389	48
6.055	-0.69	0.25	389	48
6.087	-0.69	0.25	389	48
6.120	-0.68	0.25	389	48
6.152	-0.67	0.25	389	48
6.185	-0.67	0.25	389	48
6.217	-0.66	0.24	389	48
6.250	-0.65	0.23	389	48
6.282	-0.64	0.23	389	48
6.315	-0.63	0.22	389	48
6.347	-0.63	0.22	389	48
6.380	-0.62	0.22	389	48
6.412	-0.61	0.21	389	48
6.445	-0.61	0.21	389	48
6.478	-0.60	0.21	389	48
6.510	-0.60	0.21	389	48
6.543	-0.60	0.22	389	48
6.575	-0.59	0.22	389	48
6.608	-0.59	0.22	389	48
6.640	-0.58	0.23	389	48
6.673	-0.58	0.23	389	48
6.705	-0.58	0.23	389	48
6.738	-0.57	0.24	389	48
6.770	-0.57	0.24	389	48
6.803	-0.57	0.25	389	48
6.835	-0.56	0.25	389	48
6.868	-0.56	0.26	389	48
6.900	-0.55	0.27	389	48
6.933	-0.55	0.27	389	48
6.965	-0.54	0.27	389	48
6.998	-0.53	0.27	389	48
7.030	-0.52	0.28	389	48
7.063	-0.52	0.28	389	48
7.095	-0.51	0.28	389	48
7.128	-0.49	0.27	389	48
7.160	-0.48	0.27	389	48
7.193	-0.47	0.27	389	48
7.226	-0.45	0.27	389	48
7.258	-0.44	0.27	389	48
7.291	-0.42	0.28	389	48
7.323	-0.40	0.29	389	48
7.356	-0.38	0.29	389	48
7.388	-0.36	0.29	389	48
7.421	-0.36	0.28	389	48
7.453	-0.34	0.29	389	48
7.486	-0.34	0.28	389	48
7.518	-0.34	0.27	389	48
7.551	-0.34	0.28	389	48
7.583	-0.33	0.28	389	48
7.616	-0.33	0.28	389	48
7.648	-0.32	0.31	389	48
7.681	-0.32	0.29	389	48
7.713	-0.31	0.30	389	48
7.746	-0.30	0.31	389	48
7.778	-0.30	0.34	389	48
7.811	-0.28	0.35	389	48
7.843	-0.28	0.34	389	48
7.876	-0.27	0.30	389	48
7.909	-0.25	0.34	389	48
7.941	-0.26	0.34	389	48
7.974	-0.24	0.35	389	48
8.006	-0.23	0.38	389	48
8.039	-0.23	0.39	389	48
8.071	-0.23	0.38	389	48
8.104	-0.23	0.40	389	48
8.136	-0.22	0.40	389	48
8.169	-0.20	0.39	389	48
8.201	-0.18	0.41	389	48
8.234	-0.19	0.47	389	48
8.266	-0.19	0.46	389	48
8.299	-0.17	0.48	389	48
8.331	-0.17	0.48	389	48
8.364	-0.15	0.51	389	48
8.396	-0.15	0.51	389	48
8.429	-0.14	0.54	389	48
8.461	-0.15	0.51	389	48
8.494	-0.15	0.57	389	48
8.526	-0.13	0.53	389	48
8.559	-0.13	0.60	389	48
8.591	-0.12	0.58	389	48
8.624	-0.13	0.56	389	48
8.657	-0.11	0.59	389	48
8.689	-0.12	0.57	389	48
8.722	-0.12	0.62	389	48
8.754	-0.08	0.62	389	48
8.787	-0.08	0.56	389	48
8.819	-0.07	0.56	389	48
8.852	-0.08	0.59	389	48
8.884	-0.06	0.61	389	48
8.917	-0.06	0.58	389	48
8.949	-0.05	0.61	389	48
8.982	-0.04	0.59	389	48
9.014	-0.05	0.57	389	48
9.047	-0.04	0.58	389	48
9.079	-0.04	0.60	389	48
9.112	-0.04	0.56	389	48
9.144	-0.04	0.62	389	48
9.177	-0.02	0.57	389	48
9.209	-0.03	0.62	389	48
9.242	-0.05	0.62	389	48
9.274	-0.02	0.63	389	48
9.307	0.01	0.64	389	48
9.339	-0.02	0.69	389	48
9.372	-0.03	0.70	389	48
9.405	-0.02	0.68	389	48
9.437	-0.04	0.67	389	48
9.470	-0.03	0.75	389	48
9.502	-0.05	0.79	389	48
9.535	-0.03	0.80	389	48
9.567	-0.00	0.83	389	48
9.600	0.03	0.84	389	48
9.632	-0.01	0.90	389	48
9.665	0.06	0.92	389	48
9.697	0.02	0.97	389	48
9.730	0.04	0.97	389	48
9.762	0.08	0.96	389	48
9.795	0.11	1.03	389	48
9.827	0.10	1.05	389	48
9.860	0.11	1.06	389	48
9.892	0.08	1.11	389	48
9.925	0.20	1.11	389	48
9.957	0.15	1.17	389	48
9.990	0.20	1.19	389	48
10.022	0.21	1.26	389	48
10.055	0.09	1.28	389	48
10.087	0.03	1.24	389	48
10.120	-0.05	1.25	389	48
10.153	-0.07	1.32	389	48
10.185	0.05	1.27	389	48
10.218	0.03	1.31	389	48
10.250	0.06	1.35	389	48
10.283	0.12	1.36	389	48
10.315	0.12	1.41	389	48
10.348	0.10	1.40	389	48
10.380	0.15	1.45	389	48
10.413	0.23	1.38	389	48
10.445	0.00	0.00	389	48
